finshed reading input
first 8 and last values of histogram: chr21
histogram[ 1 ] :  109328
histogram[ 2 ] :  88532
histogram[ 3 ] :  55415
histogram[ 4 ] :  40466
histogram[ 5 ] :  47643
histogram[ 6 ] :  63037
histogram[ 7 ] :  73205
histogram[ 511 ] :  102819
Number of data read:  46709983
Maximum value 1- 511 :  1433488
Maximum value :  5271
Zero count :  8858724
chr21  <- list(
line = list(shape = "linear"),
mode = "lines+markers",
name = "' chr21 '",
type = "scatter",
x = c(
109328, 88532, 55415, 40466, 47643, 63037, 73205, 64424, 61427, 66600, 62819, 69351, 63482, 64127, 62828, 67010, 64515, 66319, 69088, 66421, 64818, 69440, 77942, 79029, 83948, 89581, 97964, 102062, 106274, 115842, 135807, 159700, 187805, 224505, 266767, 316265, 371147, 440715, 524485, 616972, 702531, 793510, 890573, 982156, 1082020, 1169906, 1255251, 1329537, 1371759, 1396517, 1419361, 1433109, 1433488, 1409217, 1378641, 1330868, 1263938, 1189675, 1108091, 1023504, 948978, 865631, 779969, 691874, 594776, 510432, 432153, 362615, 305273, 254814, 213664, 180712, 150045, 125398, 101866, 80126, 62065, 48479, 39052, 31811, 26321, 22563, 19686, 18320, 17581, 16970, 17411, 17660, 18472, 19171, 19828, 19504, 19793, 19549, 19460, 19405, 19624, 19567, 19442, 18769, 19126, 19059, 19923, 20192, 19764, 20332, 19544, 19625, 18556, 17783, 17110, 15805, 14346, 13445, 12682, 12626, 12465, 11927, 11976, 11826, 12533, 13107, 13457, 13605, 13730, 14086, 13264, 12960, 12819, 12515, 12219, 12261, 11979, 11812, 11450, 11704, 11433, 11157, 10552, 9945, 9486, 9144, 9033, 8839, 8546, 8334, 8385, 8550, 8376, 8813, 8881, 8625, 8898, 8868, 8888, 8915, 8577, 8102, 7478, 7019, 6622, 5819, 5478, 4781, 4223, 3909, 3449, 3197, 2906, 2877, 2880, 2858, 2950, 2807, 2902, 2780, 2987, 3063, 3020, 3160, 3135, 3289, 3431, 3549, 3726, 3631, 3805, 3865, 3946, 3979, 4037, 3982, 4135, 4346, 4424, 4503, 4505, 4485, 4481, 4297, 4200, 4057, 3959, 3916, 4005, 4032, 4079, 3771, 3795, 3745, 3720, 3869, 3766, 3718, 3577, 3566, 3564, 3654, 3776, 3638, 3496, 3427, 3351, 3071, 2988, 3063, 2947, 2978, 2954, 2877, 2872, 2781, 2622, 2568, 2462, 2359, 2254, 2058, 2026, 1881, 1829, 1665, 1551, 1288, 1023, 872, 795, 690, 627, 582, 622, 549, 520, 442, 482, 464, 412, 443, 424, 430, 408, 396, 363, 364, 377, 361, 373, 345, 430, 409, 378, 405, 425, 440, 463, 482, 483, 464, 493, 506, 553, 545, 597, 600, 603, 594, 661, 661, 623, 658, 657, 618, 660, 712, 742, 694, 724, 675, 739, 696, 687, 640, 656, 673, 646, 671, 629, 610, 645, 621, 617, 636, 674, 724, 700, 650, 641, 671, 642, 663, 658, 688, 738, 658, 661, 711, 707, 680, 668, 665, 649, 604, 626, 630, 605, 643, 596, 618, 582, 658, 649, 589, 687, 637, 685, 683, 622, 598, 629, 660, 672, 695, 637, 644, 584, 605, 561, 564, 580, 574, 612, 587, 556, 544, 575, 549, 505, 515, 496, 502, 540, 519, 515, 529, 468, 495, 479, 438, 475, 451, 483, 455, 507, 455, 471, 491, 486, 474, 480, 465, 455, 460, 442, 466, 443, 432, 417, 431, 443, 449, 492, 424, 439, 436, 405, 409, 402, 393, 377, 395, 356, 360, 412, 420, 432, 460, 424, 448, 466, 420, 442, 476, 457, 480, 473, 490, 488, 473, 518, 536, 508, 544, 525, 500, 533, 609, 548, 610, 567, 585, 604, 523, 577, 525, 565, 532, 522, 485, 442, 426, 405, 345, 361, 359, 331, 336, 302, 325, 269, 242, 235, 234, 220, 210, 187, 169, 162, 178, 160, 144, 147, 172, 161, 172, 175, 170, 173, 147, 153, 154, 151, 129, 135, 144, 143, 117, 129, 120, 125, 134, 102, 92, 98, 86, 63, 58, 76, 66, 70, 62, 68, 75, 65, 48, 54, 55, 46, 46, 54, 102819),
y = c(
1, 2, 3, 4, 5, 6, 7, 8, 9, 10, 11, 12, 13, 14, 15, 16, 17, 18, 19, 20, 21, 22, 23, 24, 25, 26, 27, 28, 29, 30, 31, 32, 33, 34, 35, 36, 37, 38, 39, 40, 41, 42, 43, 44, 45, 46, 47, 48, 49, 50, 51, 52, 53, 54, 55, 56, 57, 58, 59, 60, 61, 62, 63, 64, 65, 66, 67, 68, 69, 70, 71, 72, 73, 74, 75, 76, 77, 78, 79, 80, 81, 82, 83, 84, 85, 86, 87, 88, 89, 90, 91, 92, 93, 94, 95, 96, 97, 98, 99, 100, 101, 102, 103, 104, 105, 106, 107, 108, 109, 110, 111, 112, 113, 114, 115, 116, 117, 118, 119, 120, 121, 122, 123, 124, 125, 126, 127, 128, 129, 130, 131, 132, 133, 134, 135, 136, 137, 138, 139, 140, 141, 142, 143, 144, 145, 146, 147, 148, 149, 150, 151, 152, 153, 154, 155, 156, 157, 158, 159, 160, 161, 162, 163, 164, 165, 166, 167, 168, 169, 170, 171, 172, 173, 174, 175, 176, 177, 178, 179, 180, 181, 182, 183, 184, 185, 186, 187, 188, 189, 190, 191, 192, 193, 194, 195, 196, 197, 198, 199, 200, 201, 202, 203, 204, 205, 206, 207, 208, 209, 210, 211, 212, 213, 214, 215, 216, 217, 218, 219, 220, 221, 222, 223, 224, 225, 226, 227, 228, 229, 230, 231, 232, 233, 234, 235, 236, 237, 238, 239, 240, 241, 242, 243, 244, 245, 246, 247, 248, 249, 250, 251, 252, 253, 254, 255, 256, 257, 258, 259, 260, 261, 262, 263, 264, 265, 266, 267, 268, 269, 270, 271, 272, 273, 274, 275, 276, 277, 278, 279, 280, 281, 282, 283, 284, 285, 286, 287, 288, 289, 290, 291, 292, 293, 294, 295, 296, 297, 298, 299, 300, 301, 302, 303, 304, 305, 306, 307, 308, 309, 310, 311, 312, 313, 314, 315, 316, 317, 318, 319, 320, 321, 322, 323, 324, 325, 326, 327, 328, 329, 330, 331, 332, 333, 334, 335, 336, 337, 338, 339, 340, 341, 342, 343, 344, 345, 346, 347, 348, 349, 350, 351, 352, 353, 354, 355, 356, 357, 358, 359, 360, 361, 362, 363, 364, 365, 366, 367, 368, 369, 370, 371, 372, 373, 374, 375, 376, 377, 378, 379, 380, 381, 382, 383, 384, 385, 386, 387, 388, 389, 390, 391, 392, 393, 394, 395, 396, 397, 398, 399, 400, 401, 402, 403, 404, 405, 406, 407, 408, 409, 410, 411, 412, 413, 414, 415, 416, 417, 418, 419, 420, 421, 422, 423, 424, 425, 426, 427, 428, 429, 430, 431, 432, 433, 434, 435, 436, 437, 438, 439, 440, 441, 442, 443, 444, 445, 446, 447, 448, 449, 450, 451, 452, 453, 454, 455, 456, 457, 458, 459, 460, 461, 462, 463, 464, 465, 466, 467, 468, 469, 470, 471, 472, 473, 474, 475, 476, 477, 478, 479, 480, 481, 482, 483, 484, 485, 486, 487, 488, 489, 490, 491, 492, 493, 494, 495, 496, 497, 498, 499, 500, 501, 502, 503, 504, 505, 506, 507, 508, 509, 511),
hoverinfo = "name"
)
><><>< zerogram: 
first 8 and last values of histogram: chr21
histogram[ 1 ] :  2931
histogram[ 2 ] :  222
histogram[ 3 ] :  31
histogram[ 4 ] :  16
histogram[ 5 ] :  2
histogram[ 6 ] :  3
histogram[ 7 ] :  0
histogram[ 499 ] :  88
Number of data read:  10000
Maximum value 1- 499 :  2931
Maximum value :  553
Zero count :  8858724
chr21  <- list(
line = list(shape = "linear"),
mode = "lines+markers",
name = "' chr21 '",
type = "scatter",
x = c(
2931, 222, 31, 16, 2, 3, 0, 2, 0, 1, 0, 2, 0, 0, 0, 1, 0, 1, 1, 0, 0, 0, 1, 1, 0, 1, 1, 0, 0, 0, 0, 0, 0, 0, 0, 0, 1, 2, 0, 0, 0, 0, 0, 0, 0, 0, 0, 0, 0, 2, 0, 0, 0, 0, 0, 1, 0, 0, 0, 0, 0, 0, 0, 0, 0, 1, 0, 0, 0, 0, 0, 0, 1, 0, 0, 0, 0, 0, 1, 0, 0, 0, 0, 0, 0, 1, 0, 0, 0, 0, 0, 0, 0, 0, 0, 0, 0, 0, 0, 1, 0, 0, 0, 1, 0, 0, 0, 0, 0, 0, 0, 0, 0, 0, 0, 0, 0, 0, 0, 0, 0, 0, 0, 0, 0, 0, 0, 0, 0, 1, 0, 0, 0, 0, 0, 0, 0, 0, 0, 0, 0, 0, 0, 0, 0, 0, 0, 0, 0, 0, 0, 0, 0, 0, 0, 0, 0, 0, 0, 0, 0, 0, 0, 0, 0, 0, 0, 0, 0, 0, 1, 0, 0, 0, 0, 0, 2, 0, 0, 0, 0, 0, 0, 0, 0, 0, 0, 0, 0, 0, 0, 0, 1, 0, 0, 0, 0, 0, 0, 0, 0, 0, 0, 0, 0, 0, 0, 0, 0, 0, 0, 0, 0, 1, 0, 0, 0, 0, 0, 0, 0, 0, 0, 0, 0, 0, 0, 0, 0, 0, 0, 0, 0, 0, 0, 0, 0, 1, 0, 0, 1, 0, 0, 0, 0, 0, 0, 0, 0, 0, 0, 0, 0, 0, 0, 0, 0, 0, 0, 0, 0, 0, 0, 0, 0, 0, 0, 0, 0, 0, 0, 0, 0, 0, 0, 0, 0, 0, 0, 0, 0, 0, 0, 1, 0, 0, 0, 0, 0, 0, 1, 0, 0, 0, 0, 0, 0, 0, 0, 0, 0, 0, 0, 1, 0, 1, 0, 0, 0, 0, 0, 0, 0, 0, 0, 0, 0, 0, 0, 1, 0, 0, 0, 0, 0, 0, 0, 1, 0, 0, 0, 0, 0, 0, 0, 0, 0, 0, 0, 0, 0, 0, 0, 0, 0, 0, 0, 0, 0, 1, 0, 0, 0, 0, 0, 0, 0, 0, 0, 0, 0, 0, 0, 1, 0, 0, 0, 0, 0, 0, 0, 0, 0, 0, 0, 0, 0, 0, 0, 0, 1, 0, 0, 0, 0, 0, 0, 0, 0, 1, 0, 0, 0, 0, 0, 0, 0, 0, 0, 0, 0, 0, 0, 0, 0, 0, 0, 0, 1, 0, 0, 0, 0, 0, 0, 0, 0, 0, 0, 0, 0, 0, 0, 1, 0, 0, 0, 0, 0, 0, 0, 0, 0, 1, 0, 0, 0, 1, 0, 0, 0, 0, 1, 0, 0, 0, 0, 0, 0, 0, 0, 0, 0, 1, 0, 0, 0, 0, 0, 0, 0, 0, 0, 1, 0, 0, 0, 0, 0, 0, 0, 0, 0, 0, 0, 0, 0, 0, 0, 0, 0, 0, 0, 0, 0, 0, 0, 0, 0, 0, 0, 0, 0, 0, 0, 0, 0, 88),
y = c(
1, 2, 3, 4, 5, 6, 7, 8, 9, 10, 11, 12, 13, 14, 15, 16, 17, 18, 19, 20, 21, 22, 23, 24, 25, 26, 27, 28, 29, 30, 31, 32, 33, 34, 35, 36, 37, 38, 39, 40, 41, 42, 43, 44, 45, 46, 47, 48, 49, 50, 51, 52, 53, 54, 55, 56, 57, 58, 59, 60, 61, 62, 63, 64, 65, 66, 67, 68, 69, 70, 71, 72, 73, 74, 75, 76, 77, 78, 79, 80, 81, 82, 83, 84, 85, 86, 87, 88, 89, 90, 91, 92, 93, 94, 95, 96, 97, 98, 99, 100, 101, 102, 103, 104, 105, 106, 107, 108, 109, 110, 111, 112, 113, 114, 115, 116, 117, 118, 119, 120, 121, 122, 123, 124, 125, 126, 127, 128, 129, 130, 131, 132, 133, 134, 135, 136, 137, 138, 139, 140, 141, 142, 143, 144, 145, 146, 147, 148, 149, 150, 151, 152, 153, 154, 155, 156, 157, 158, 159, 160, 161, 162, 163, 164, 165, 166, 167, 168, 169, 170, 171, 172, 173, 174, 175, 176, 177, 178, 179, 180, 181, 182, 183, 184, 185, 186, 187, 188, 189, 190, 191, 192, 193, 194, 195, 196, 197, 198, 199, 200, 201, 202, 203, 204, 205, 206, 207, 208, 209, 210, 211, 212, 213, 214, 215, 216, 217, 218, 219, 220, 221, 222, 223, 224, 225, 226, 227, 228, 229, 230, 231, 232, 233, 234, 235, 236, 237, 238, 239, 240, 241, 242, 243, 244, 245, 246, 247, 248, 249, 250, 251, 252, 253, 254, 255, 256, 257, 258, 259, 260, 261, 262, 263, 264, 265, 266, 267, 268, 269, 270, 271, 272, 273, 274, 275, 276, 277, 278, 279, 280, 281, 282, 283, 284, 285, 286, 287, 288, 289, 290, 291, 292, 293, 294, 295, 296, 297, 298, 299, 300, 301, 302, 303, 304, 305, 306, 307, 308, 309, 310, 311, 312, 313, 314, 315, 316, 317, 318, 319, 320, 321, 322, 323, 324, 325, 326, 327, 328, 329, 330, 331, 332, 333, 334, 335, 336, 337, 338, 339, 340, 341, 342, 343, 344, 345, 346, 347, 348, 349, 350, 351, 352, 353, 354, 355, 356, 357, 358, 359, 360, 361, 362, 363, 364, 365, 366, 367, 368, 369, 370, 371, 372, 373, 374, 375, 376, 377, 378, 379, 380, 381, 382, 383, 384, 385, 386, 387, 388, 389, 390, 391, 392, 393, 394, 395, 396, 397, 398, 399, 400, 401, 402, 403, 404, 405, 406, 407, 408, 409, 410, 411, 412, 413, 414, 415, 416, 417, 418, 419, 420, 421, 422, 423, 424, 425, 426, 427, 428, 429, 430, 431, 432, 433, 434, 435, 436, 437, 438, 439, 440, 441, 442, 443, 444, 445, 446, 447, 448, 449, 450, 451, 452, 453, 454, 455, 456, 457, 458, 459, 460, 461, 462, 463, 464, 465, 466, 467, 468, 469, 470, 471, 472, 473, 474, 475, 476, 477, 478, 479, 480, 481, 482, 483, 484, 485, 486, 487, 488, 489, 490, 491, 492, 493, 494, 495, 496, 497, 499),
hoverinfo = "name"
)
